0 0.306379 cache_reused False identity (2771403662054966545, 174233010584493868, 5318705, 1789526972644995300, 1789526972644995300) path_stat (2771403662054966545, 174233010584493868, 5318705, 1789526972644995300, 1789526972528809900)
1 0.339099 cache_reused False identity (2771403662054966545, 174233010584493868, 5318705, 1789526972644995300, 1789526972644995300) path_stat (2771403662054966545, 174233010584493868, 5318705, 1789526972644995300, 1789526972528809900)
2 0.289545 cache_reused False identity (2771403662054966545, 174233010584493868, 5318705, 1789526972644995300, 1789526972644995300) path_stat (2771403662054966545, 174233010584493868, 5318705, 1789526972644995300, 1789526972528809900)
3 0.291038 cache_reused False identity (2771403662054966545, 174233010584493868, 5318705, 1789526972644995300, 1789526972644995300) path_stat (2771403662054966545, 174233010584493868, 5318705, 1789526972644995300, 1789526972528809900)
4 0.350376 cache_reused False identity (2771403662054966545, 174233010584493868, 5318705, 1789526972644995300, 1789526972644995300) path_stat (2771403662054966545, 174233010584493868, 5318705, 1789526972644995300, 1789526972528809900)
5 0.277897 cache_reused False identity (2771403662054966545, 174233010584493868, 5318705, 1789526972644995300, 1789526972644995300) path_stat (2771403662054966545, 174233010584493868, 5318705, 1789526972644995300, 1789526972528809900)
6 0.296018 cache_reused False identity (2771403662054966545, 174233010584493868, 5318705, 1789526972644995300, 1789526972644995300) path_stat (2771403662054966545, 174233010584493868, 5318705, 1789526972644995300, 1789526972528809900)
7 0.333971 cache_reused False identity (2771403662054966545, 174233010584493868, 5318705, 1789526972644995300, 1789526972644995300) path_stat (2771403662054966545, 174233010584493868, 5318705, 1789526972644995300, 1789526972528809900)
8 0.28602 cache_reused False identity (2771403662054966545, 174233010584493868, 5318705, 1789526972644995300, 1789526972644995300) path_stat (2771403662054966545, 174233010584493868, 5318705, 1789526972644995300, 1789526972528809900)
9 0.291707 cache_reused False identity (2771403662054966545, 174233010584493868, 5318705, 1789526972644995300, 1789526972644995300) path_stat (2771403662054966545, 174233010584493868, 5318705, 1789526972644995300, 1789526972528809900)
10 0.335811 cache_reused False identity (2771403662054966545, 174233010584493868, 5318705, 1789526972644995300, 1789526972644995300) path_stat (2771403662054966545, 174233010584493868, 5318705, 1789526972644995300, 1789526972528809900)
11 0.297601 cache_reused False identity (2771403662054966545, 174233010584493868, 5318705, 1789526972644995300, 1789526972644995300) path_stat (2771403662054966545, 174233010584493868, 5318705, 1789526972644995300, 1789526972528809900)
12 0.290966 cache_reused False identity (2771403662054966545, 174233010584493868, 5318705, 1789526972644995300, 1789526972644995300) path_stat (2771403662054966545, 174233010584493868, 5318705, 1789526972644995300, 1789526972528809900)
13 0.360931 cache_reused False identity (2771403662054966545, 174233010584493868, 5318705, 1789526972644995300, 1789526972644995300) path_stat (2771403662054966545, 174233010584493868, 5318705, 1789526972644995300, 1789526972528809900)
14 0.295455 cache_reused False identity (2771403662054966545, 174233010584493868, 5318705, 1789526972644995300, 1789526972644995300) path_stat (2771403662054966545, 174233010584493868, 5318705, 1789526972644995300, 1789526972528809900)
15 0.304828 cache_reused False identity (2771403662054966545, 174233010584493868, 5318705, 1789526972644995300, 1789526972644995300) path_stat (2771403662054966545, 174233010584493868, 5318705, 1789526972644995300, 1789526972528809900)
16 0.330891 cache_reused False identity (2771403662054966545, 174233010584493868, 5318705, 1789526972644995300, 1789526972644995300) path_stat (2771403662054966545, 174233010584493868, 5318705, 1789526972644995300, 1789526972528809900)
17 0.205314 cache_reused False identity (2771403662054966545, 174233010584493868, 5318705, 1789526972644995300, 1789526972644995300) path_stat (2771403662054966545, 174233010584493868, 5318705, 1789526972644995300, 1789526972528809900)
18 0.199048 cache_reused False identity (2771403662054966545, 174233010584493868, 5318705, 1789526972644995300, 1789526972644995300) path_stat (2771403662054966545, 174233010584493868, 5318705, 1789526972644995300, 1789526972528809900)
19 0.310492 cache_reused False identity (2771403662054966545, 174233010584493868, 5318705, 1789526972644995300, 1789526972644995300) path_stat (2771403662054966545, 174233010584493868, 5318705, 1789526972644995300, 1789526972528809900)
20 0.301461 cache_reused False identity (2771403662054966545, 174233010584493868, 5318705, 1789526972644995300, 1789526972644995300) path_stat (2771403662054966545, 174233010584493868, 5318705, 1789526972644995300, 1789526972528809900)
21 0.305204 cache_reused False identity (2771403662054966545, 174233010584493868, 5318705, 1789526972644995300, 1789526972644995300) path_stat (2771403662054966545, 174233010584493868, 5318705, 1789526972644995300, 1789526972528809900)
22 0.341082 cache_reused False identity (2771403662054966545, 174233010584493868, 5318705, 1789526972644995300, 1789526972644995300) path_stat (2771403662054966545, 174233010584493868, 5318705, 1789526972644995300, 1789526972528809900)
23 0.297227 cache_reused False identity (2771403662054966545, 174233010584493868, 5318705, 1789526972644995300, 1789526972644995300) path_stat (2771403662054966545, 174233010584493868, 5318705, 1789526972644995300, 1789526972528809900)
